total_customers
10
